0000000000000000000000000000000000000000000000000000000000000000
0000000000000000000000000000000000000000000000000000000000000000
0000000000000000000000000000000000000000000000000000000000000000
0000000000000000000000000000000000000000000000000000000000000000
0000000000000000000000000000000000000000000000000000000000000000
0000000000000000000000000000000000000000000000000000000000000000
0000000000000000000000000000000000000000000000000000000000000000
0000010001111011101111111011111111001001001110010101000101110010
0001001100010110001100111001011000001011101101101001111000100001
0011110101101100000011101111111101000100010001100000010001101001
0100101101001100111111110100110110010101100001011101010111011000
1110110111000010010110101101010100000001101111110001101000011101
0011000101100010110111101110000001111001101110000000011011100000
1000101110011100110000000000001100010010101001111011100100111101
1101000001110001101000111011011010000001101100111000110101011100
1010100111001100010010111110101110010110010001000111000100100101
1011101000001010000011101100000010111010011001000100000010001010
0011011000001001100111101111010111000010001010010101110101101100
0101001011011110010101101101000000111110010110110111011000011110
0000111001111010110000010001000010000010010011100011010100110000
1110011011011111011111000011110100111100011101100101010010001010
1001100010000101101100110000010110111010100010000110010110100100
1111001111101110001010011111010111001000010011000101110000111011
0010011101010000000001111110000101000000110110101010001100110001
0110000001110100001001100110111100000010100001011001000011111000
1110010011101110101101111011010000110101000001111110000000001101
0101011110011101111011011101101110111000011100001010001011010001
1101010100110111111000010111001110101010011101101000100111100011
1001000010110110011110110100011111011000010111010001000011000000
1111001000110010010000011000000001110110010000011110100011110011
0110001111010011101000000000011101011001110001011000001011111010
0000111110110011101000011100110100111010011101011110001111010100
0101110011011000010100101100011011010100001010111011000101001011
0100011010111001110000111001010110010001010010000101110001001011
0111010100110100100010010111101010010111001100000010011100111110
1001011100010000110010110111011011001011001101110001100101100000
0101011110101011101001010001001100010100000010111111100011010000
1111000010010110000000001111111111010110000111011100000110110100
1110001100011100001101000101110011101100111001110101010000111001
0010111010111100011101000011010100111110100110010001000000100001
1100011000010110111000000111100110010000011010111100010101000101
0110001110110011011011111110000010011100001000110011011010101000
1001010101000101110001000100111111001001000101101011001011010100
1001100001101010001101100100110100110101111110100110001001100110
0011111110001000100101110101011000101000100110010111101010110010
1010010110111100110000110101011001110100010001101001011011111111
1000100011011100001000001001000011010011111111010111101101111100
0000100100101110101011011111000010110110011011110110001100110001
0010000001000010001001011000111000011010110100101101000111110011
1011111101011010001100001000100001011100001111100101101110000110
0011110010011101101111000111011000011011000000010111000110110010
0001001110110110110100100110110010001101110000100001110010100010
1100001101111010111000101000010010011100001100000101011010111101
0101111010000100110110101110100100110001000010001000100101010000
1001100010000111100101100111011011010110001101001011010010111010
1101001101111001100011001010100010101010000111111100101000001000
0010001001110110111001000001100110011110010000101001000111111101
1001101010110001000001100110000000001100011011111001100111111111
0111010111000011010110110011010110100100011010101001011010111111
1111001111010111000111010010111001010000100010001001110111100001
0100010001101000101100000111010111100010000011110011110001111110
1101110100100101100011101100110000010110101010000010001010111100
0000000000000000000000000000000000000000000000000000000000000000
0000000000000000000000000000000000000000000000000000000000000000
0000000000000000000000000000000000000000000000000000000000000000
0000000000000000000000000000000000000000000000000000000000000000
0000000000000000000000000000000000000000000000000000000000000000
0000000000000000000000000000000000000000000000000000000000000000
0000000000000000000000000000000000000000000000000000000000000000
0000000000000000000000000000000000000000000000000000000000000000
0000000000000000000000000000000000000000000000000000000000000000
0000000000000000000000000000000000000000000000000000000000000000
0000000000000000000000000000000000000000000000000000000000000000
0000000000000000000000000000000000000000000000000000000000000000
0000000000000000000000000000000000000000000000000000000000000000
0000000000000000000000000000000000000000000000000000000000000000
0000000000000000000000000000000000000000000000000000000000000000
0000000000000000000000000000000000000000000000000000000000000000
0000000000000000000000000000000000000000000000000000000000000000
0000000000000000000000000000000000000000000000000000000000000000
0000000000000000000000000000000000000000000000000000000000000000
0000000000000000000000000000000000000000000000000000000000000000
0000000000000000000000000000000000000000000000000000000000000000
0000000000000000000000000000000000000000000000000000000000000000
0000000000000000000000000000000000000000000000000000000000000000
0000000000000000000000000000000000000000000000000000000000000000
0000000000000000000000000000000000000000000000000000000000000000
0000000000000000000000000000000000000000000000000000000000000000
0000000000000000000000000000000000000000000000000000000000000000
0000000000000000000000000000000000000000000000000000000000000000
0000000000000000000000000000000000000000000000000000000000000000
0000000000000000000000000000000000000000000000000000000000000000
0000000000000000000000000000000000000000000000000000000000000000
0000000000000000000000000000000000000000000000000000000000000000
0000000000000000000000000000000000000000000000000000000000000000
0000000000000000000000000000000000000000000000000000000000000000
0000000000000000000000000000000000000000000000000000000000000000
0000000000000000000000000000000000000000000000000000000000000000
0000000000000000000000000000000000000000000000000000000000000000
0000000000000000000000000000000000000000000000000000000000000000